{
    "camera_angle_x": 0.6911112070083618,
    "camera_angle_y": 0.4710899591445923,
    "fl_x": 355.55555555555554,
    "fl_y": 355.55555555555554,
    "k1": 0.0,
    "k2": 0.0,
    "p1": 0.0,
    "p2": 0.0,
    "cx": 128.0,
    "cy": 128.0,
    "w": 256.0,
    "h": 256.0,
    "aabb_scale": 4,
    "frames": [
        {
            "file_path": "C:\\Projects\\dvgo\\data\\beam_equilibrium\\imgs\\Camera_0_equilibrium.png",
            "transform_matrix": [
                [
                    -4.371138828673793e-08,
                    -0.9510565400123596,
                    0.30901700258255005,
                    0.6180340051651001
                ],
                [
                    1.0,
                    -6.72994886485867e-08,
                    -6.567350396835536e-08,
                    0.0
                ],
                [
                    8.325589817559376e-08,
                    0.30901700258255005,
                    0.9510565400123596,
                    1.9021130800247192
                ],
                [
                    0.0,
                    0.0,
                    0.0,
                    1.0
                ]
            ],
            "frame": 0
        },
        {
            "file_path": "C:\\Projects\\dvgo\\data\\beam_equilibrium\\imgs\\Camera_1_equilibrium.png",
            "transform_matrix": [
                [
                    -4.371138828673793e-08,
                    -0.80901700258255,
                    0.5877852439880371,
                    1.1755704879760742
                ],
                [
                    1.0,
                    -2.2047507916567177e-11,
                    7.433590809569068e-08,
                    0.0
                ],
                [
                    -6.01260552457461e-08,
                    0.5877852439880371,
                    0.80901700258255,
                    1.6180340051651
                ],
                [
                    0.0,
                    0.0,
                    0.0,
                    1.0
                ]
            ],
            "frame": 0
        },
        {
            "file_path": "C:\\Projects\\dvgo\\data\\beam_equilibrium\\imgs\\Camera_2_equilibrium.png",
            "transform_matrix": [
                [
                    -4.371138828673793e-08,
                    -0.5877851247787476,
                    0.8090170621871948,
                    1.6180340051651
                ],
                [
                    1.0,
                    5.2669961725371195e-09,
                    5.78569405718099e-08,
                    0.0
                ],
                [
                    -3.826853856025991e-08,
                    0.8090170621871948,
                    0.5877851247787476,
                    1.1755704879760742
                ],
                [
                    0.0,
                    0.0,
                    0.0,
                    1.0
                ]
            ],
            "frame": 0
        },
        {
            "file_path": "C:\\Projects\\dvgo\\data\\beam_equilibrium\\imgs\\Camera_3_equilibrium.png",
            "transform_matrix": [
                [
                    -4.371138828673793e-08,
                    -0.3090170621871948,
                    0.9510564804077148,
                    1.9021130800247192
                ],
                [
                    1.0,
                    -4.59362325955226e-08,
                    3.103528456449567e-08,
                    0.0
                ],
                [
                    3.409751769822833e-08,
                    0.9510564804077148,
                    0.3090170621871948,
                    0.6180340051651001
                ],
                [
                    0.0,
                    0.0,
                    0.0,
                    1.0
                ]
            ],
            "frame": 0
        },
        {
            "file_path": "C:\\Projects\\dvgo\\data\\beam_equilibrium\\imgs\\Camera_4_equilibrium.png",
            "transform_matrix": [
                [
                    -4.371138828673793e-08,
                    4.371138828673793e-08,
                    1.0,
                    2.0
                ],
                [
                    1.0,
                    1.910685676922942e-15,
                    4.371138828673793e-08,
                    0.0
                ],
                [
                    0.0,
                    1.0,
                    -4.371138828673793e-08,
                    1.2246468525851679e-16
                ],
                [
                    0.0,
                    0.0,
                    0.0,
                    1.0
                ]
            ],
            "frame": 0
        },
        {
            "file_path": "C:\\Projects\\dvgo\\data\\beam_equilibrium\\imgs\\Camera_5_equilibrium.png",
            "transform_matrix": [
                [
                    -0.6427878141403198,
                    -0.7285513877868652,
                    0.23672078549861908,
                    0.4734415113925934
                ],
                [
                    0.7660442590713501,
                    -0.6113275289535522,
                    0.19863231480121613,
                    0.39726459980010986
                ],
                [
                    8.9422407256734e-08,
                    0.30901703238487244,
                    0.9510564804077148,
                    1.9021130800247192
                ],
                [
                    0.0,
                    0.0,
                    0.0,
                    1.0
                ]
            ],
            "frame": 0
        },
        {
            "file_path": "C:\\Projects\\dvgo\\data\\beam_equilibrium\\imgs\\Camera_6_equilibrium.png",
            "transform_matrix": [
                [
                    -0.6427876353263855,
                    -0.6197428703308105,
                    0.45026975870132446,
                    0.9005392789840698
                ],
                [
                    0.7660444378852844,
                    -0.5200260877609253,
                    0.37782108783721924,
                    0.7556421756744385
                ],
                [
                    9.86118706691741e-08,
                    0.5877853631973267,
                    0.8090169429779053,
                    1.6180340051651
                ],
                [
                    0.0,
                    0.0,
                    0.0,
                    1.0
                ]
            ],
            "frame": 0
        },
        {
            "file_path": "C:\\Projects\\dvgo\\data\\beam_equilibrium\\imgs\\Camera_7_equilibrium.png",
            "transform_matrix": [
                [
                    -0.6427878141403198,
                    -0.4502694010734558,
                    0.6197429299354553,
                    1.2394859790802002
                ],
                [
                    0.7660442590713501,
                    -0.377821147441864,
                    0.5200262665748596,
                    1.0400521755218506
                ],
                [
                    5.173582096063001e-08,
                    0.8090170621871948,
                    0.5877851247787476,
                    1.1755704879760742
                ],
                [
                    0.0,
                    0.0,
                    0.0,
                    1.0
                ]
            ],
            "frame": 0
        },
        {
            "file_path": "C:\\Projects\\dvgo\\data\\beam_equilibrium\\imgs\\Camera_8_equilibrium.png",
            "transform_matrix": [
                [
                    -0.6427876353263855,
                    -0.23672057688236237,
                    0.7285516262054443,
                    1.4571031332015991
                ],
                [
                    0.7660444378852844,
                    -0.19863228499889374,
                    0.6113273501396179,
                    1.2226547002792358
                ],
                [
                    1.0074928979975084e-07,
                    0.9510565400123596,
                    0.3090168535709381,
                    0.6180340051651001
                ],
                [
                    0.0,
                    0.0,
                    0.0,
                    1.0
                ]
            ],
            "frame": 0
        },
        {
            "file_path": "C:\\Projects\\dvgo\\data\\beam_equilibrium\\imgs\\Camera_9_equilibrium.png",
            "transform_matrix": [
                [
                    -0.6427876353263855,
                    5.80380827841509e-08,
                    0.7660444378852844,
                    1.5320888757705688
                ],
                [
                    0.7660444378852844,
                    -1.1642402597544788e-09,
                    0.6427876353263855,
                    1.285575270652771
                ],
                [
                    3.81980207464494e-08,
                    1.0,
                    -4.371138828673793e-08,
                    1.2246468525851679e-16
                ],
                [
                    0.0,
                    0.0,
                    0.0,
                    1.0
                ]
            ],
            "frame": 0
        },
        {
            "file_path": "C:\\Projects\\dvgo\\data\\beam_equilibrium\\imgs\\Camera_10_equilibrium.png",
            "transform_matrix": [
                [
                    -0.9848077297210693,
                    -0.16514934599399567,
                    0.05366026982665062,
                    0.10732047259807587
                ],
                [
                    0.17364829778671265,
                    -0.9366077780723572,
                    0.3043224513530731,
                    0.6086446642875671
                ],
                [
                    -2.619034766837558e-08,
                    0.3090171217918396,
                    0.9510564804077148,
                    1.9021130800247192
                ],
                [
                    0.0,
                    0.0,
                    0.0,
                    1.0
                ]
            ],
            "frame": 0
        },
        {
            "file_path": "C:\\Projects\\dvgo\\data\\beam_equilibrium\\imgs\\Camera_11_equilibrium.png",
            "transform_matrix": [
                [
                    -0.9848077893257141,
                    -0.14048419892787933,
                    0.10206780582666397,
                    0.20413567125797272
                ],
                [
                    0.17364805936813354,
                    -0.7967262268066406,
                    0.5788554549217224,
                    1.1577109098434448
                ],
                [
                    5.599173036330285e-08,
                    0.5877852439880371,
                    0.80901700258255,
                    1.6180340051651
                ],
                [
                    0.0,
                    0.0,
                    0.0,
                    1.0
                ]
            ],
            "frame": 0
        },
        {
            "file_path": "C:\\Projects\\dvgo\\data\\beam_equilibrium\\imgs\\Camera_12_equilibrium.png",
            "transform_matrix": [
                [
                    -0.9848077297210693,
                    -0.1020679697394371,
                    0.14048437774181366,
                    0.28096866607666016
                ],
                [
                    0.17364829778671265,
                    -0.5788554549217224,
                    0.7967261672019958,
                    1.5934524536132812
                ],
                [
                    -7.719577865827887e-08,
                    0.80901700258255,
                    0.5877853035926819,
                    1.1755704879760742
                ],
                [
                    0.0,
                    0.0,
                    0.0,
                    1.0
                ]
            ],
            "frame": 0
        },
        {
            "file_path": "C:\\Projects\\dvgo\\data\\beam_equilibrium\\imgs\\Camera_13_equilibrium.png",
            "transform_matrix": [
                [
                    -0.9848077893257141,
                    -0.0536600798368454,
                    0.16514915227890015,
                    0.33029845356941223
                ],
                [
                    0.17364805936813354,
                    -0.304322212934494,
                    0.9366078972816467,
                    1.873215675354004
                ],
                [
                    1.0097718217139118e-07,
                    0.9510565400123596,
                    0.3090168535709381,
                    0.6180340051651001
                ],
                [
                    0.0,
                    0.0,
                    0.0,
                    1.0
                ]
            ],
            "frame": 0
        },
        {
            "file_path": "C:\\Projects\\dvgo\\data\\beam_equilibrium\\imgs\\Camera_14_equilibrium.png",
            "transform_matrix": [
                [
                    -0.9848077297210693,
                    9.956297475355314e-08,
                    0.17364829778671265,
                    0.3472963571548462
                ],
                [
                    0.17364829778671265,
                    -9.421822966260152e-08,
                    0.9848077297210693,
                    1.9696154594421387
                ],
                [
                    1.1441122182986874e-07,
                    1.0,
                    7.549790126404332e-08,
                    1.2246468525851679e-16
                ],
                [
                    0.0,
                    0.0,
                    0.0,
                    1.0
                ]
            ],
            "frame": 0
        },
        {
            "file_path": "C:\\Projects\\dvgo\\data\\beam_equilibrium\\imgs\\Camera_15_equilibrium.png",
            "transform_matrix": [
                [
                    -0.8660253882408142,
                    0.4755282700061798,
                    -0.1545085608959198,
                    -0.30901700258255005
                ],
                [
                    -0.5000000596046448,
                    -0.8236390948295593,
                    0.26761654019355774,
                    0.5352331399917603
                ],
                [
                    -4.911613515901081e-08,
                    0.30901700258255005,
                    0.9510565400123596,
                    1.9021130800247192
                ],
                [
                    0.0,
                    0.0,
                    0.0,
                    1.0
                ]
            ],
            "frame": 0
        },
        {
            "file_path": "C:\\Projects\\dvgo\\data\\beam_equilibrium\\imgs\\Camera_16_equilibrium.png",
            "transform_matrix": [
                [
                    -0.8660253882408142,
                    0.4045085310935974,
                    -0.29389265179634094,
                    -0.5877852439880371
                ],
                [
                    -0.5000000596046448,
                    -0.7006292343139648,
                    0.5090369582176208,
                    1.0180739164352417
                ],
                [
                    1.191280851742249e-08,
                    0.5877852439880371,
                    0.80901700258255,
                    1.6180340051651
                ],
                [
                    0.0,
                    0.0,
                    0.0,
                    1.0
                ]
            ],
            "frame": 0
        },
        {
            "file_path": "C:\\Projects\\dvgo\\data\\beam_equilibrium\\imgs\\Camera_17_equilibrium.png",
            "transform_matrix": [
                [
                    -0.8660253882408142,
                    0.2938927412033081,
                    -0.40450847148895264,
                    -0.80901700258255
                ],
                [
                    -0.5000000596046448,
                    -0.5090369582176208,
                    0.7006292343139648,
                    1.4012585878372192
                ],
                [
                    8.696505204852656e-08,
                    0.8090169429779053,
                    0.5877853035926819,
                    1.1755704879760742
                ],
                [
                    0.0,
                    0.0,
                    0.0,
                    1.0
                ]
            ],
            "frame": 0
        },
        {
            "file_path": "C:\\Projects\\dvgo\\data\\beam_equilibrium\\imgs\\Camera_18_equilibrium.png",
            "transform_matrix": [
                [
                    -0.8660253882408142,
                    0.15450847148895264,
                    -0.4755282998085022,
                    -0.9510565400123596
                ],
                [
                    -0.5000000596046448,
                    -0.26761654019355774,
                    0.8236390948295593,
                    1.6472781896591187
                ],
                [
                    -2.4818676891413816e-08,
                    0.9510565400123596,
                    0.30901697278022766,
                    0.6180340051651001
                ],
                [
                    0.0,
                    0.0,
                    0.0,
                    1.0
                ]
            ],
            "frame": 0
        },
        {
            "file_path": "C:\\Projects\\dvgo\\data\\beam_equilibrium\\imgs\\Camera_19_equilibrium.png",
            "transform_matrix": [
                [
                    -0.8660253882408142,
                    3.102908507912616e-08,
                    -0.5000000596046448,
                    -1.0
                ],
                [
                    -0.5000000596046448,
                    6.838821775545512e-08,
                    0.8660253882408142,
                    1.7320507764816284
                ],
                [
                    6.1066089074302e-08,
                    1.0,
                    -4.371138828673793e-08,
                    1.2246468525851679e-16
                ],
                [
                    0.0,
                    0.0,
                    0.0,
                    1.0
                ]
            ],
            "frame": 0
        },
        {
            "file_path": "C:\\Projects\\dvgo\\data\\beam_equilibrium\\imgs\\Camera_20_equilibrium.png",
            "transform_matrix": [
                [
                    -0.34202033281326294,
                    0.8937007188796997,
                    -0.29038098454475403,
                    -0.5807619690895081
                ],
                [
                    -0.9396925568580627,
                    -0.32528069615364075,
                    0.10569003969430923,
                    0.21138007938861847
                ],
                [
                    -7.261412093839681e-08,
                    0.30901700258255005,
                    0.9510565400123596,
                    1.9021130800247192
                ],
                [
                    0.0,
                    0.0,
                    0.0,
                    1.0
                ]
            ],
            "frame": 0
        },
        {
            "file_path": "C:\\Projects\\dvgo\\data\\beam_equilibrium\\imgs\\Camera_21_equilibrium.png",
            "transform_matrix": [
                [
                    -0.3420201241970062,
                    0.7602272629737854,
                    -0.5523374676704407,
                    -1.1046749353408813
                ],
                [
                    -0.9396926164627075,
                    -0.27670010924339294,
                    0.20103436708450317,
                    0.4020687937736511
                ],
                [
                    -3.323556541090511e-08,
                    0.5877852439880371,
                    0.80901700258255,
                    1.6180340051651
                ],
                [
                    0.0,
                    0.0,
                    0.0,
                    1.0
                ]
            ],
            "frame": 0
        },
        {
            "file_path": "C:\\Projects\\dvgo\\data\\beam_equilibrium\\imgs\\Camera_22_equilibrium.png",
            "transform_matrix": [
                [
                    -0.3420202434062958,
                    0.5523374676704407,
                    -0.7602272629737854,
                    -1.5204546451568604
                ],
                [
                    -0.9396926164627075,
                    -0.20103435218334198,
                    0.2767002582550049,
                    0.5534002184867859
                ],
                [
                    1.0929856131269844e-07,
                    0.80901700258255,
                    0.5877852439880371,
                    1.1755704879760742
                ],
                [
                    0.0,
                    0.0,
                    0.0,
                    1.0
                ]
            ],
            "frame": 0
        },
        {
            "file_path": "C:\\Projects\\dvgo\\data\\beam_equilibrium\\imgs\\Camera_23_equilibrium.png",
            "transform_matrix": [
                [
                    -0.3420201241970062,
                    0.29038095474243164,
                    -0.8937008380889893,
                    -1.787401556968689
                ],
                [
                    -0.9396926164627075,
                    -0.10569005459547043,
                    0.32528045773506165,
                    0.6505609750747681
                ],
                [
                    -4.116714080737438e-08,
                    0.9510565400123596,
                    0.30901697278022766,
                    0.6180340051651001
                ],
                [
                    0.0,
                    0.0,
                    0.0,
                    1.0
                ]
            ],
            "frame": 0
        },
        {
            "file_path": "C:\\Projects\\dvgo\\data\\beam_equilibrium\\imgs\\Camera_24_equilibrium.png",
            "transform_matrix": [
                [
                    -0.3420201241970062,
                    -1.5309535683627473e-07,
                    -0.9396926164627075,
                    -1.879385232925415
                ],
                [
                    -0.9396926164627075,
                    5.572215044935547e-08,
                    0.3420201241970062,
                    0.6840403079986572
                ],
                [
                    0.0,
                    1.0,
                    -1.6292068494294654e-07,
                    1.2246468525851679e-16
                ],
                [
                    0.0,
                    0.0,
                    0.0,
                    1.0
                ]
            ],
            "frame": 0
        },
        {
            "file_path": "C:\\Projects\\dvgo\\data\\beam_equilibrium\\imgs\\Camera_25_equilibrium.png",
            "transform_matrix": [
                [
                    0.34202003479003906,
                    0.8937008380889893,
                    -0.29038095474243164,
                    -0.5807619690895081
                ],
                [
                    -0.9396926760673523,
                    0.3252803683280945,
                    -0.10569006204605103,
                    -0.21138007938861847
                ],
                [
                    -7.15172632226313e-08,
                    0.30901697278022766,
                    0.9510565400123596,
                    1.9021130800247192
                ],
                [
                    0.0,
                    0.0,
                    0.0,
                    1.0
                ]
            ],
            "frame": 0
        },
        {
            "file_path": "C:\\Projects\\dvgo\\data\\beam_equilibrium\\imgs\\Camera_26_equilibrium.png",
            "transform_matrix": [
                [
                    0.3420201539993286,
                    0.7602273225784302,
                    -0.5523374676704407,
                    -1.1046749353408813
                ],
                [
                    -0.9396926164627075,
                    0.27670010924339294,
                    -0.20103442668914795,
                    -0.4020687937736511
                ],
                [
                    -2.4585338209703878e-08,
                    0.5877852439880371,
                    0.80901700258255,
                    1.6180340051651
                ],
                [
                    0.0,
                    0.0,
                    0.0,
                    1.0
                ]
            ],
            "frame": 0
        },
        {
            "file_path": "C:\\Projects\\dvgo\\data\\beam_equilibrium\\imgs\\Camera_27_equilibrium.png",
            "transform_matrix": [
                [
                    0.3420199155807495,
                    0.5523374080657959,
                    -0.7602274417877197,
                    -1.5204546451568604
                ],
                [
                    -0.9396926760673523,
                    0.20103423297405243,
                    -0.276699960231781,
                    -0.5534002184867859
                ],
                [
                    7.341475871669445e-09,
                    0.8090170621871948,
                    0.5877851247787476,
                    1.1755704879760742
                ],
                [
                    0.0,
                    0.0,
                    0.0,
                    1.0
                ]
            ],
            "frame": 0
        },
        {
            "file_path": "C:\\Projects\\dvgo\\data\\beam_equilibrium\\imgs\\Camera_28_equilibrium.png",
            "transform_matrix": [
                [
                    0.3420201539993286,
                    0.2903810441493988,
                    -0.8937007784843445,
                    -1.787401556968689
                ],
                [
                    -0.9396926164627075,
                    0.10569009929895401,
                    -0.32528045773506165,
                    -0.6505609750747681
                ],
                [
                    4.0126899136794236e-08,
                    0.9510564804077148,
                    0.3090170621871948,
                    0.6180340051651001
                ],
                [
                    0.0,
                    0.0,
                    0.0,
                    1.0
                ]
            ],
            "frame": 0
        },
        {
            "file_path": "C:\\Projects\\dvgo\\data\\beam_equilibrium\\imgs\\Camera_29_equilibrium.png",
            "transform_matrix": [
                [
                    0.34202027320861816,
                    8.275295471094068e-08,
                    -0.9396925568580627,
                    -1.879385232925415
                ],
                [
                    -0.9396925568580627,
                    -6.620772818877185e-09,
                    -0.34202027320861816,
                    -0.6840403079986572
                ],
                [
                    -3.452467822739891e-08,
                    1.0,
                    7.549790126404332e-08,
                    1.2246468525851679e-16
                ],
                [
                    0.0,
                    0.0,
                    0.0,
                    1.0
                ]
            ],
            "frame": 0
        },
        {
            "file_path": "C:\\Projects\\dvgo\\data\\beam_equilibrium\\imgs\\Camera_30_equilibrium.png",
            "transform_matrix": [
                [
                    0.8660253882408142,
                    0.4755282700061798,
                    -0.15450847148895264,
                    -0.30901700258255005
                ],
                [
                    -0.5,
                    0.8236390948295593,
                    -0.2676165699958801,
                    -0.5352331399917603
                ],
                [
                    -1.7784973493917278e-08,
                    0.30901697278022766,
                    0.9510565400123596,
                    1.9021130800247192
                ],
                [
                    0.0,
                    0.0,
                    0.0,
                    1.0
                ]
            ],
            "frame": 0
        },
        {
            "file_path": "C:\\Projects\\dvgo\\data\\beam_equilibrium\\imgs\\Camera_31_equilibrium.png",
            "transform_matrix": [
                [
                    0.8660253882408142,
                    0.40450847148895264,
                    -0.29389268159866333,
                    -0.5877852439880371
                ],
                [
                    -0.5,
                    0.7006292343139648,
                    -0.5090370178222656,
                    -1.0180739164352417
                ],
                [
                    3.2273515415681686e-08,
                    0.5877853035926819,
                    0.8090169429779053,
                    1.6180340051651
                ],
                [
                    0.0,
                    0.0,
                    0.0,
                    1.0
                ]
            ],
            "frame": 0
        },
        {
            "file_path": "C:\\Projects\\dvgo\\data\\beam_equilibrium\\imgs\\Camera_32_equilibrium.png",
            "transform_matrix": [
                [
                    0.866025447845459,
                    0.2938925623893738,
                    -0.404508501291275,
                    -0.80901700258255
                ],
                [
                    -0.4999999701976776,
                    0.5090368986129761,
                    -0.7006293535232544,
                    -1.4012585878372192
                ],
                [
                    8.401102036259545e-11,
                    0.8090170621871948,
                    0.5877851843833923,
                    1.1755704879760742
                ],
                [
                    0.0,
                    0.0,
                    0.0,
                    1.0
                ]
            ],
            "frame": 0
        },
        {
            "file_path": "C:\\Projects\\dvgo\\data\\beam_equilibrium\\imgs\\Camera_33_equilibrium.png",
            "transform_matrix": [
                [
                    0.8660253286361694,
                    0.15450850129127502,
                    -0.47552838921546936,
                    -0.9510565400123596
                ],
                [
                    -0.5000001192092896,
                    0.26761651039123535,
                    -0.8236390352249146,
                    -1.6472781896591187
                ],
                [
                    1.3296393319706112e-08,
                    0.9510565400123596,
                    0.30901697278022766,
                    0.6180340051651001
                ],
                [
                    0.0,
                    0.0,
                    0.0,
                    1.0
                ]
            ],
            "frame": 0
        },
        {
            "file_path": "C:\\Projects\\dvgo\\data\\beam_equilibrium\\imgs\\Camera_34_equilibrium.png",
            "transform_matrix": [
                [
                    0.8660253882408142,
                    -2.1855697696082643e-08,
                    -0.5000000596046448,
                    -1.0
                ],
                [
                    -0.5000000596046448,
                    -3.785517321830412e-08,
                    -0.8660253882408142,
                    -1.7320507764816284
                ],
                [
                    0.0,
                    1.0,
                    -4.371138828673793e-08,
                    1.2246468525851679e-16
                ],
                [
                    0.0,
                    0.0,
                    0.0,
                    1.0
                ]
            ],
            "frame": 0
        },
        {
            "file_path": "C:\\Projects\\dvgo\\data\\beam_equilibrium\\imgs\\Camera_35_equilibrium.png",
            "transform_matrix": [
                [
                    0.9848077297210693,
                    -0.1651492416858673,
                    0.053660232573747635,
                    0.10732047259807587
                ],
                [
                    0.1736481934785843,
                    0.936607837677002,
                    -0.30432233214378357,
                    -0.6086446642875671
                ],
                [
                    1.2012709937891941e-08,
                    0.30901700258255005,
                    0.9510565400123596,
                    1.9021130800247192
                ],
                [
                    0.0,
                    0.0,
                    0.0,
                    1.0
                ]
            ],
            "frame": 0
        },
        {
            "file_path": "C:\\Projects\\dvgo\\data\\beam_equilibrium\\imgs\\Camera_36_equilibrium.png",
            "transform_matrix": [
                [
                    0.9848077297210693,
                    -0.14048431813716888,
                    0.10206788778305054,
                    0.20413567125797272
                ],
                [
                    0.17364820837974548,
                    0.7967261075973511,
                    -0.578855574131012,
                    -1.1577109098434448
                ],
                [
                    -2.3212006539097274e-08,
                    0.5877853631973267,
                    0.8090169429779053,
                    1.6180340051651
                ],
                [
                    0.0,
                    0.0,
                    0.0,
                    1.0
                ]
            ],
            "frame": 0
        },
        {
            "file_path": "C:\\Projects\\dvgo\\data\\beam_equilibrium\\imgs\\Camera_37_equilibrium.png",
            "transform_matrix": [
                [
                    0.9848077297210693,
                    -0.10206784307956696,
                    0.14048434793949127,
                    0.28096866607666016
                ],
                [
                    0.17364820837974548,
                    0.5788553953170776,
                    -0.7967262268066406,
                    -1.5934524536132812
                ],
                [
                    4.5677643889519e-09,
                    0.8090170621871948,
                    0.5877851843833923,
                    1.1755704879760742
                ],
                [
                    0.0,
                    0.0,
                    0.0,
                    1.0
                ]
            ],
            "frame": 0
        },
        {
            "file_path": "C:\\Projects\\dvgo\\data\\beam_equilibrium\\imgs\\Camera_38_equilibrium.png",
            "transform_matrix": [
                [
                    0.9848077297210693,
                    -0.05366021767258644,
                    0.1651492416858673,
                    0.33029845356941223
                ],
                [
                    0.1736481934785843,
                    0.3043223023414612,
                    -0.936607837677002,
                    -1.873215675354004
                ],
                [
                    -1.8601532758566464e-08,
                    0.9510565400123596,
                    0.30901697278022766,
                    0.6180340051651001
                ],
                [
                    0.0,
                    0.0,
                    0.0,
                    1.0
                ]
            ],
            "frame": 0
        },
        {
            "file_path": "C:\\Projects\\dvgo\\data\\beam_equilibrium\\imgs\\Camera_39_equilibrium.png",
            "transform_matrix": [
                [
                    0.9848077297210693,
                    3.6561541350010884e-08,
                    0.17364822328090668,
                    0.3472963571548462
                ],
                [
                    0.17364822328090668,
                    -1.589872056229069e-07,
                    -0.9848077297210693,
                    -1.9696154594421387
                ],
                [
                    -8.398245654461789e-09,
                    1.0,
                    -1.6292068494294654e-07,
                    1.2246468525851679e-16
                ],
                [
                    0.0,
                    0.0,
                    0.0,
                    1.0
                ]
            ],
            "frame": 0
        },
        {
            "file_path": "C:\\Projects\\dvgo\\data\\beam_equilibrium\\imgs\\Camera_40_equilibrium.png",
            "transform_matrix": [
                [
                    0.6427875757217407,
                    -0.7285516262054443,
                    0.2367207109928131,
                    0.4734415113925934
                ],
                [
                    0.7660444974899292,
                    0.6113272905349731,
                    -0.19863231480121613,
                    -0.39726459980010986
                ],
                [
                    6.874766711462144e-08,
                    0.30901697278022766,
                    0.9510565400123596,
                    1.9021130800247192
                ],
                [
                    0.0,
                    0.0,
                    0.0,
                    1.0
                ]
            ],
            "frame": 0
        },
        {
            "file_path": "C:\\Projects\\dvgo\\data\\beam_equilibrium\\imgs\\Camera_41_equilibrium.png",
            "transform_matrix": [
                [
                    0.6427875757217407,
                    -0.6197430491447449,
                    0.4502696096897125,
                    0.9005392789840698
                ],
                [
                    0.7660444974899292,
                    0.5200260281562805,
                    -0.3778211176395416,
                    -0.7556421756744385
                ],
                [
                    8.777821136618513e-08,
                    0.5877852439880371,
                    0.80901700258255,
                    1.6180340051651
                ],
                [
                    0.0,
                    0.0,
                    0.0,
                    1.0
                ]
            ],
            "frame": 0
        },
        {
            "file_path": "C:\\Projects\\dvgo\\data\\beam_equilibrium\\imgs\\Camera_42_equilibrium.png",
            "transform_matrix": [
                [
                    0.6427873969078064,
                    -0.45026955008506775,
                    0.6197432279586792,
                    1.2394859790802002
                ],
                [
                    0.7660446166992188,
                    0.37782081961631775,
                    -0.5200260281562805,
                    -1.0400521755218506
                ],
                [
                    -3.849760954466319e-09,
                    0.8090171217918396,
                    0.5877850651741028,
                    1.1755704879760742
                ],
                [
                    0.0,
                    0.0,
                    0.0,
                    1.0
                ]
            ],
            "frame": 0
        },
        {
