{
    "camera_angle_x": 0.6911112070083618,
    "camera_angle_y": 0.4710899591445923,
    "fl_x": 355.55555555555554,
    "fl_y": 355.55555555555554,
    "k1": 0.0,
    "k2": 0.0,
    "p1": 0.0,
    "p2": 0.0,
    "cx": 128.0,
    "cy": 128.0,
    "w": 256.0,
    "h": 256.0,
    "aabb_scale": 4,
    "frames": [
        {
            "file_path": "C:\\Projects\\dvgo\\data\\beam_equilibrium\\imgs\\Camera_0_equilibrium",
            "transform_matrix": [
                [
                    -4.371138828673793e-08,
                    -0.9510565400123596,
                    0.30901700258255005,
                    0.6180340051651001
                ],
                [
                    1.0,
                    -6.72994886485867e-08,
                    -6.567350396835536e-08,
                    0.0
                ],
                [
                    8.325589817559376e-08,
                    0.30901700258255005,
                    0.9510565400123596,
                    1.9021130800247192
                ],
                [
                    0.0,
                    0.0,
                    0.0,
                    1.0
                ]
            ],
            "frame": 0
        },
        {
            "file_path": "C:\\Projects\\dvgo\\data\\beam_equilibrium\\imgs\\Camera_1_equilibrium",
            "transform_matrix": [
                [
                    -4.371138828673793e-08,
                    -0.7431447505950928,
                    0.6691306829452515,
                    1.3382612466812134
                ],
                [
                    1.0,
                    -3.248388935617186e-08,
                    2.9248631960854254e-08,
                    0.0
                ],
                [
                    0.0,
                    0.6691306829452515,
                    0.7431447505950928,
                    1.486289620399475
                ],
                [
                    0.0,
                    0.0,
                    0.0,
                    1.0
                ]
            ],
            "frame": 0
        },
        {
            "file_path": "C:\\Projects\\dvgo\\data\\beam_equilibrium\\imgs\\Camera_2_equilibrium",
            "transform_matrix": [
                [
                    -1.6292068494294654e-07,
                    -0.40673649311065674,
                    0.913545548915863,
                    1.827090859413147
                ],
                [
                    1.0,
                    -1.6830166149617298e-09,
                    1.7758954129476479e-07,
                    0.0
                ],
                [
                    -7.06946394757324e-08,
                    0.913545548915863,
                    0.40673649311065674,
                    0.8134732842445374
                ],
                [
                    0.0,
                    0.0,
                    0.0,
                    1.0
                ]
            ],
            "frame": 0
        },
        {
            "file_path": "C:\\Projects\\dvgo\\data\\beam_equilibrium\\imgs\\Camera_3_equilibrium",
            "transform_matrix": [
                [
                    -4.371138828673793e-08,
                    4.371138828673793e-08,
                    1.0,
                    2.0
                ],
                [
                    1.0,
                    1.910685676922942e-15,
                    4.371138828673793e-08,
                    0.0
                ],
                [
                    0.0,
                    1.0,
                    -4.371138828673793e-08,
                    1.2246468525851679e-16
                ],
                [
                    0.0,
                    0.0,
                    0.0,
                    1.0
                ]
            ],
            "frame": 0
        },
        {
            "file_path": "C:\\Projects\\dvgo\\data\\beam_equilibrium\\imgs\\Camera_4_equilibrium",
            "transform_matrix": [
                [
                    -0.7818315029144287,
                    -0.5929739475250244,
                    0.19266903400421143,
                    0.3853378891944885
                ],
                [
                    0.6234897375106812,
                    -0.7435659170150757,
                    0.24159929156303406,
                    0.4831984341144562
                ],
                [
                    3.60685881162226e-08,
                    0.3090171217918396,
                    0.9510564804077148,
                    1.9021130800247192
                ],
                [
                    0.0,
                    0.0,
                    0.0,
                    1.0
                ]
            ],
            "frame": 0
        },
        {
            "file_path": "C:\\Projects\\dvgo\\data\\beam_equilibrium\\imgs\\Camera_5_equilibrium",
            "transform_matrix": [
                [
                    -0.7818315029144287,
                    -0.46334314346313477,
                    0.417196124792099,
                    0.8343921899795532
                ],
                [
                    0.6234897375106812,
                    -0.5810140371322632,
                    0.5231474041938782,
                    1.0462946891784668
                ],
                [
                    2.2109514219437187e-08,
                    0.6691306829452515,
                    0.7431447505950928,
                    1.486289620399475
                ],
                [
                    0.0,
                    0.0,
                    0.0,
                    1.0
                ]
            ],
            "frame": 0
        },
        {
            "file_path": "C:\\Projects\\dvgo\\data\\beam_equilibrium\\imgs\\Camera_6_equilibrium",
            "transform_matrix": [
                [
                    -0.7818315029144287,
                    -0.25359609723091125,
                    0.5695862770080566,
                    1.1391725540161133
                ],
                [
                    0.6234897375106812,
                    -0.3179995119571686,
                    0.7142386436462402,
                    1.428477168083191
                ],
                [
                    1.1503623831288223e-08,
                    0.9135454893112183,
                    0.4067366123199463,
                    0.8134732842445374
                ],
                [
                    0.0,
                    0.0,
                    0.0,
                    1.0
                ]
            ],
            "frame": 0
        },
        {
            "file_path": "C:\\Projects\\dvgo\\data\\beam_equilibrium\\imgs\\Camera_7_equilibrium",
            "transform_matrix": [
                [
                    -0.7818315029144287,
                    2.134825471955537e-08,
                    0.6234897375106812,
                    1.2469795942306519
                ],
                [
                    0.6234897375106812,
                    -1.1359009732814229e-07,
                    0.7818315029144287,
                    1.5636630058288574
                ],
                [
                    8.751300129006268e-08,
                    1.0,
                    7.549790126404332e-08,
                    1.2246468525851679e-16
                ],
                [
                    0.0,
                    0.0,
                    0.0,
                    1.0
                ]
            ],
            "frame": 0
        },
        {
            "file_path": "C:\\Projects\\dvgo\\data\\beam_equilibrium\\imgs\\Camera_8_equilibrium",
            "transform_matrix": [
                [
                    -0.9749279022216797,
                    0.2116299718618393,
                    -0.06876277923583984,
                    -0.1375254988670349
                ],
                [
                    -0.22252093255519867,
                    -0.9272115230560303,
                    0.3012693524360657,
                    0.6025385856628418
                ],
                [
                    -1.816094297169002e-08,
                    0.3090170621871948,
                    0.9510564804077148,
                    1.9021130800247192
                ],
                [
                    0.0,
                    0.0,
                    0.0,
                    1.0
                ]
            ],
            "frame": 0
        },
        {
            "file_path": "C:\\Projects\\dvgo\\data\\beam_equilibrium\\imgs\\Camera_9_equilibrium",
            "transform_matrix": [
                [
                    -0.9749279022216797,
                    0.1653652936220169,
                    -0.14889556169509888,
                    -0.29779112339019775
                ],
                [
                    -0.22252093255519867,
                    -0.7245125770568848,
                    0.6523541808128357,
                    1.3047082424163818
                ],
                [
                    3.7276432607313836e-08,
                    0.6691306829452515,
                    0.7431447505950928,
                    1.486289620399475
                ],
                [
                    0.0,
                    0.0,
                    0.0,
                    1.0
                ]
            ],
            "frame": 0
        },
        {
            "file_path": "C:\\Projects\\dvgo\\data\\beam_equilibrium\\imgs\\Camera_10_equilibrium",
            "transform_matrix": [
                [
                    -0.9749279022216797,
                    0.09050744771957397,
                    -0.20328298211097717,
                    -0.40656596422195435
                ],
                [
                    -0.22252093255519867,
                    -0.39653897285461426,
                    0.890640914440155,
                    1.7812819480895996
                ],
                [
                    1.1519644793622774e-08,
                    0.9135454297065735,
                    0.40673673152923584,
                    0.8134732842445374
                ],
                [
                    0.0,
                    0.0,
                    0.0,
                    1.0
                ]
            ],
            "frame": 0
        },
        {
            "file_path": "C:\\Projects\\dvgo\\data\\beam_equilibrium\\imgs\\Camera_11_equilibrium",
            "transform_matrix": [
                [
                    -0.9749279022216797,
                    -1.281729389290831e-08,
                    -0.22252093255519867,
                    -0.44504186511039734
                ],
                [
                    -0.22252093255519867,
                    -8.036493426288871e-08,
                    0.9749279022216797,
                    1.9498558044433594
                ],
                [
                    -3.037881768364059e-08,
                    1.0,
                    7.549790126404332e-08,
                    1.2246468525851679e-16
                ],
                [
                    0.0,
                    0.0,
                    0.0,
                    1.0
                ]
            ],
            "frame": 0
        },
        {
            "file_path": "C:\\Projects\\dvgo\\data\\beam_equilibrium\\imgs\\Camera_12_equilibrium",
            "transform_matrix": [
                [
                    -0.4338838458061218,
                    0.8568722605705261,
                    -0.2784147560596466,
                    -0.5568293929100037
                ],
                [
                    -0.9009688496589661,
                    -0.41264808177948,
                    0.13407737016677856,
                    0.26815488934516907
                ],
                [
                    -1.3783657948351902e-07,
                    0.30901700258255005,
                    0.9510565400123596,
                    1.9021130800247192
                ],
                [
                    0.0,
                    0.0,
                    0.0,
                    1.0
                ]
            ],
            "frame": 0
        },
        {
            "file_path": "C:\\Projects\\dvgo\\data\\beam_equilibrium\\imgs\\Camera_13_equilibrium",
            "transform_matrix": [
                [
                    -0.4338838458061218,
                    0.6695502400398254,
                    -0.6028658747673035,
                    -1.2057316303253174
                ],
                [
                    -0.9009688496589661,
                    -0.3224385380744934,
                    0.29032495617866516,
                    0.5806497931480408
                ],
                [
                    -3.421291339122945e-08,
                    0.6691306829452515,
                    0.7431447505950928,
                    1.486289620399475
                ],
                [
                    0.0,
                    0.0,
                    0.0,
                    1.0
                ]
            ],
            "frame": 0
        },
        {
            "file_path": "C:\\Projects\\dvgo\\data\\beam_equilibrium\\imgs\\Camera_14_equilibrium",
            "transform_matrix": [
                [
                    -0.4338838458061218,
                    0.3664569854736328,
                    -0.8230760097503662,
                    -1.6461520195007324
                ],
                [
                    -0.9009688496589661,
                    -0.17647650837898254,
                    0.39637258648872375,
                    0.792745053768158
                ],
                [
                    -8.237719839598867e-08,
                    0.9135454893112183,
                    0.4067366123199463,
                    0.8134732842445374
                ],
                [
                    0.0,
                    0.0,
                    0.0,
                    1.0
                ]
            ],
            "frame": 0
        },
        {
            "file_path": "C:\\Projects\\dvgo\\data\\beam_equilibrium\\imgs\\Camera_15_equilibrium",
            "transform_matrix": [
                [
                    -0.4338838458061218,
                    7.0691132947331425e-09,
                    -0.9009688496589661,
                    -1.8019376993179321
                ],
                [
                    -0.9009688496589661,
                    1.1542361733063444e-07,
                    0.4338838458061218,
                    0.8677674531936646
                ],
                [
                    1.0706025221907112e-07,
                    1.0,
                    -4.371138828673793e-08,
                    1.2246468525851679e-16
                ],
                [
                    0.0,
                    0.0,
                    0.0,
                    1.0
                ]
            ],
            "frame": 0
        },
        {
            "file_path": "C:\\Projects\\dvgo\\data\\beam_equilibrium\\imgs\\Camera_16_equilibrium",
            "transform_matrix": [
                [
                    0.43388354778289795,
                    0.8568724393844604,
                    -0.27841469645500183,
                    -0.5568293929100037
                ],
                [
                    -0.9009689688682556,
                    0.4126477539539337,
                    -0.13407741487026215,
                    -0.26815488934516907
                ],
                [
                    -4.6484359472742653e-08,
                    0.30901697278022766,
                    0.9510565400123596,
                    1.9021130800247192
                ],
                [
                    0.0,
                    0.0,
                    0.0,
                    1.0
                ]
            ],
            "frame": 0
        },
        {
            "file_path": "C:\\Projects\\dvgo\\data\\beam_equilibrium\\imgs\\Camera_17_equilibrium",
            "transform_matrix": [
                [
                    0.4338838756084442,
                    0.669550359249115,
                    -0.6028657555580139,
                    -1.2057316303253174
                ],
                [
                    -0.9009687900543213,
                    0.322438508272171,
                    -0.29032501578330994,
                    -0.5806497931480408
                ],
                [
                    -7.205961338740963e-08,
                    0.6691305637359619,
                    0.7431448698043823,
                    1.486289620399475
                ],
                [
                    0.0,
                    0.0,
                    0.0,
                    1.0
                ]
            ],
            "frame": 0
        },
        {
            "file_path": "C:\\Projects\\dvgo\\data\\beam_equilibrium\\imgs\\Camera_18_equilibrium",
            "transform_matrix": [
                [
                    0.43388354778289795,
                    0.3664569854736328,
                    -0.8230761289596558,
                    -1.6461520195007324
                ],
                [
                    -0.9009689688682556,
                    0.17647626996040344,
                    -0.39637237787246704,
                    -0.792745053768158
                ],
                [
                    -1.1840649349892374e-08,
                    0.913545548915863,
                    0.40673649311065674,
                    0.8134732842445374
                ],
                [
                    0.0,
                    0.0,
                    0.0,
                    1.0
                ]
            ],
            "frame": 0
        },
        {
            "file_path": "C:\\Projects\\dvgo\\data\\beam_equilibrium\\imgs\\Camera_19_equilibrium",
            "transform_matrix": [
                [
                    0.43388354778289795,
                    -1.1184422277210615e-07,
                    -0.9009689688682556,
                    -1.8019376993179321
                ],
                [
                    -0.9009689688682556,
                    -1.4324697872325487e-07,
                    -0.43388354778289795,
                    -0.8677674531936646
                ],
                [
                    -8.05337094789138e-08,
                    1.0,
                    -1.6292068494294654e-07,
                    1.2246468525851679e-16
                ],
                [
                    0.0,
                    0.0,
                    0.0,
                    1.0
                ]
            ],
            "frame": 0
        },
        {
            "file_path": "C:\\Projects\\dvgo\\data\\beam_equilibrium\\imgs\\Camera_20_equilibrium",
            "transform_matrix": [
                [
                    0.9749279022216797,
                    0.21163000166416168,
                    -0.06876271963119507,
                    -0.1375254988670349
                ],
                [
                    -0.22252093255519867,
                    0.927211582660675,
                    -0.3012692630290985,
                    -0.6025385856628418
                ],
                [
                    -1.984424358170145e-08,
                    0.3090169429779053,
                    0.9510565400123596,
                    1.9021130800247192
                ],
                [
                    0.0,
                    0.0,
                    0.0,
                    1.0
                ]
            ],
            "frame": 0
        },
        {
            "file_path": "C:\\Projects\\dvgo\\data\\beam_equilibrium\\imgs\\Camera_21_equilibrium",
            "transform_matrix": [
                [
                    0.9749279022216797,
                    0.1653652787208557,
                    -0.14889556169509888,
                    -0.29779112339019775
                ],
                [
                    -0.22252093255519867,
                    0.7245126366615295,
                    -0.6523541212081909,
                    -1.3047082424163818
                ],
                [
                    -8.581902299908961e-09,
                    0.6691306233406067,
                    0.7431448101997375,
                    1.486289620399475
                ],
                [
                    0.0,
                    0.0,
                    0.0,
                    1.0
                ]
            ],
            "frame": 0
        },
        {
            "file_path": "C:\\Projects\\dvgo\\data\\beam_equilibrium\\imgs\\Camera_22_equilibrium",
            "transform_matrix": [
                [
                    0.9749279022216797,
                    0.09050741046667099,
                    -0.20328298211097717,
                    -0.40656596422195435
                ],
                [
                    -0.22252091765403748,
                    0.3965388834476471,
                    -0.8906409740447998,
                    -1.7812819480895996
                ],
                [
                    -2.49504594762584e-09,
                    0.9135454893112183,
                    0.4067366123199463,
                    0.8134732842445374
                ],
                [
                    0.0,
                    0.0,
                    0.0,
                    1.0
                ]
            ],
            "frame": 0
        },
        {
            "file_path": "C:\\Projects\\dvgo\\data\\beam_equilibrium\\imgs\\Camera_23_equilibrium",
            "transform_matrix": [
                [
                    0.9749279022216797,
                    -1.684405326329852e-08,
                    -0.22252097725868225,
                    -0.44504186511039734
                ],
                [
                    -0.22252097725868225,
                    -1.6326593765825237e-07,
                    -0.9749279022216797,
                    -1.9498558044433594
                ],
                [
                    -1.99083611818196e-08,
                    1.0,
                    -1.6292068494294654e-07,
                    1.2246468525851679e-16
                ],
                [
                    0.0,
                    0.0,
                    0.0,
                    1.0
                ]
            ],
            "frame": 0
        },
        {
            "file_path": "C:\\Projects\\dvgo\\data\\beam_equilibrium\\imgs\\Camera_24_equilibrium",
            "transform_matrix": [
                [
                    0.7818314433097839,
                    -0.5929741263389587,
                    0.19266895949840546,
                    0.3853378891944885
                ],
                [
                    0.6234898567199707,
                    0.7435658574104309,
                    -0.24159926176071167,
                    -0.4831984341144562
                ],
                [
                    5.053114904285394e-08,
                    0.30901703238487244,
                    0.9510564804077148,
                    1.9021130800247192
                ],
                [
                    0.0,
                    0.0,
                    0.0,
                    1.0
                ]
            ],
            "frame": 0
        },
        {
            "file_path": "C:\\Projects\\dvgo\\data\\beam_equilibrium\\imgs\\Camera_25_equilibrium",
            "transform_matrix": [
                [
                    0.7818314433097839,
                    -0.4633433222770691,
                    0.417196124792099,
                    0.8343921899795532
                ],
                [
                    0.6234898567199707,
                    0.5810139775276184,
                    -0.5231473445892334,
                    -1.0462946891784668
                ],
                [
                    4.020662203174652e-08,
                    0.6691305637359619,
                    0.7431448698043823,
                    1.486289620399475
                ],
                [
                    0.0,
                    0.0,
                    0.0,
                    1.0
                ]
            ],
            "frame": 0
        },
        {
            "file_path": "C:\\Projects\\dvgo\\data\\beam_equilibrium\\imgs\\Camera_26_equilibrium",
            "transform_matrix": [
                [
                    0.7818314433097839,
                    -0.25359606742858887,
                    0.5695863962173462,
                    1.1391725540161133
                ],
                [
                    0.6234898567199707,
                    0.3179994225502014,
                    -0.7142385840415955,
                    -1.428477168083191
                ],
                [
                    -5.14064346646137e-08,
                    0.913545548915863,
                    0.40673649311065674,
                    0.8134732842445374
                ],
                [
                    0.0,
                    0.0,
                    0.0,
                    1.0
                ]
            ],
            "frame": 0
        },
        {
            "file_path": "C:\\Projects\\dvgo\\data\\beam_equilibrium\\imgs\\Camera_27_equilibrium",
            "transform_matrix": [
                [
                    0.7818314433097839,
                    3.315897600941753e-08,
                    0.6234898567199707,
                    1.2469795942306519
                ],
                [
                    0.6234898567199707,
                    -1.8193998130300315e-07,
                    -0.7818314433097839,
                    -1.5636630058288574
                ],
                [
                    8.751300839549003e-08,
                    1.0,
                    -1.6292068494294654e-07,
                    1.2246468525851679e-16
                ],
                [
                    0.0,
                    0.0,
                    0.0,
                    1.0
                ]
            ],
            "frame": 0
        },
        {
            "file_path": "C:\\Projects\\dvgo\\data\\beam_equilibrium\\imgs\\Camera_28_equilibrium",
            "transform_matrix": [
                [
                    -4.371138828673793e-08,
                    -0.9510565400123596,
                    0.30901700258255005,
                    0.6180340051651001
                ],
                [
                    1.0,
                    -6.72994886485867e-08,
                    -6.567350396835536e-08,
                    -1.513746741370247e-16
                ],
                [
                    8.325589817559376e-08,
                    0.30901700258255005,
                    0.9510565400123596,
                    1.9021130800247192
                ],
                [
                    0.0,
                    0.0,
                    0.0,
                    1.0
                ]
            ],
            "frame": 0
        },
        {
            "file_path": "C:\\Projects\\dvgo\\data\\beam_equilibrium\\imgs\\Camera_29_equilibrium",
            "transform_matrix": [
                [
                    -4.371138828673793e-08,
                    -0.7431447505950928,
                    0.6691306829452515,
                    1.3382612466812134
                ],
                [
                    1.0,
                    -3.248388935617186e-08,
                    2.9248631960854254e-08,
                    -3.277794630329896e-16
                ],
                [
                    0.0,
                    0.6691306829452515,
                    0.7431447505950928,
                    1.486289620399475
                ],
                [
                    0.0,
                    0.0,
                    0.0,
                    1.0
                ]
            ],
            "frame": 0
        },
        {
            "file_path": "C:\\Projects\\dvgo\\data\\beam_equilibrium\\imgs\\Camera_30_equilibrium",
            "transform_matrix": [
                [
                    -1.6292068494294654e-07,
                    -0.40673649311065674,
                    0.913545548915863,
                    1.827090859413147
                ],
                [
                    1.0,
                    -1.6830166149617298e-09,
                    1.7758954129476479e-07,
                    -4.475082054020954e-16
                ],
                [
                    -7.06946394757324e-08,
                    0.913545548915863,
                    0.40673649311065674,
                    0.8134732842445374
                ],
                [
                    0.0,
                    0.0,
                    0.0,
                    1.0
                ]
            ],
            "frame": 0
        },
        {
            "file_path": "C:\\Projects\\dvgo\\data\\beam_equilibrium\\imgs\\Camera_31_equilibrium",
            "transform_matrix": [
                [
                    -4.371138828673793e-08,
                    4.371138828673793e-08,
                    1.0,
                    2.0
                ],
                [
                    1.0,
                    1.910685676922942e-15,
                    4.371138828673793e-08,
                    -4.898587410340671e-16
                ],
                [
                    0.0,
                    1.0,
                    -4.371138828673793e-08,
                    1.2246468525851679e-16
                ],
                [
                    0.0,
                    0.0,
                    0.0,
                    1.0
                ]
            ],
            "frame": 0
        }
    ]
}